37333
55091
81580
47320
46252
48403
29498
34719
36134
12694
7574
31010
62208
54198
67157
28493
27895
13539
60613
43834
31234
76405
41745
65561
79301
13340
44004
33585
48457
67532
57911
49616
67554
2522
57195
45750
30965
47880
28581
20363
47376
80592
40307
35813
82616
82589
37369
48140
43062
29971
18503
43373
44202
46186
58820
11720
48521
64777
26038
86957
58977
46638
48043
63060
66921
46787
24475
54867
31659
67302
33160
71478
29358
63244
37182
43551
57487
65495
66380
77886
57711
53238
58354
40755
63185
39097
60208
15317
55495
82328
10125
78374
84829
23432
27277
51936
57541
26130
25341
27715
35680
45495
36727
82184
23546
31577
43801
74695
58108
41716
82007
4222
62869
35293
48712
30958
29644
36442
33881
59753
67920
70956
19067
83306
46343
42083
73114
55321
25728
6864
16759
25369
77960
63846
35904
55248
61750
88132
61479
25990
15300
32626
29427
43818
83594
60378
86603
13078
63639
13048
18343
43978
6650
80302
48230
82522
29268
47278
47500
50718
74010
38202
73116
67396
62219
89435
33655
29602
74043
43352
52714
54029
27839
59590
55218
50870
49601
33667
34636
22625
4709
34134
64364
56477
20565
49628
17970
43693
52501
84756
87888
69431
35816
34726
34769
64828
72202
37670
69734
41222
44791
86726
12802
47856
89484
28786
70572
31963
41934
50171
47301
39820
18627
76926
43656
85493
45904
60148
79049
85348
30213
39801
88724
48729
22409
69312
21357
51557
38600
44035
72086
70528
47736
41467
32900
21919
88802
74540
4933
38730
80461
16636
89349
43695
70292
62694
20106
26252
36553
46286
79683
48774
30242
32829
31130
27503
79397
54224
73459
18947
80920
84540
32036
48566
17204
1359
20905
17873
58624
50739
32019
31614
51565
39139
89042
24608
14014
57410
49023
76755
66641
72551
24326
31799
6782
46473
79654
38859
34250
24646
30315
64581
53351
38793
85782
39203
35300
23111
76952
18499
46934
82119
47109
21319
2362
44670
62439
33020
54898
31886
36550
70081
29940
41817
24618
35742
14058
27362
27145
18763
75538
8556
46681
85294
44509
41613
24931
25661
49667
28068
17302
63589
58724
40917
34070
43443
31852
60875
49820
86199
24411
3038
76792
33299
78238
83088
25309
46156
31270
37050
36502
16127
24961
35246
14805
67036
17643
21137
81776
46985
62052
29208
25210
62483
23985
75252
39242
60448
58204
46202
13470
47362
65467
32234
37595
64947
75887
23020
81745
45758
85397
31068
69000
36025
13719
1897
85484
23992
80934
25830
72844
55320
47340
25564
31618
43010
37896
85511
67980
43534
31198
34033
27125
30088
40692
63039
45885
60728
32093
44564
76467
43979
7909
76799
70207
89259
35112
11890
52191
32559
43184
47345
76571
22157
33925
50939
42891
32877
87598
80388
81416
44920
88856
72866
45087
54428
5245
40489
22429
77121
38146
67186
20605
75911
28362
53312
41898
76985
60917
45407
78389
9004
54800
59714
66663
4666
22374
35908
21571
48185
58085
8605
44839
43566
19767
58374
50047
70297
40341
27089
31449
39156
70212
26832
34669
9513
26575
28522
21725
17562
24308
67611
59986
30051
56337
38440
50482
37525
72338
89285
39702
87761
35286
50692
52992
40965
70525
65126
88037
49203
19870
17421
33469
20006
54081
33105
26182
28775
46597
856
54972
75901
67445
39666
61508
17985
76243
38218
88253
373
87945
24865
69117
78570
26679
78228
43246
83874
46397
20375
328
39992
43613
40179
45438
27205
13518
34951
7575
60143
84794
58316
50388
33391
43649
62266
30238
49992
25723
73784
25898
43398
72613
49630
33409
74653
51789
84316
36486
72935
53945
62305
74196
55698
72260
79997
62488
56749
38844
74327
27447
55702
46889
41233
42857
41892
31092
20963
13303
9617
84240
23377
79000
3055
363
41162
44894
36722
20844
73469
20649
56867
50998
25241
23995
49087
34638
76079
79154
65040
37695
33986
29230
3889
58040
33108
63500
12600
45074
60354
43332
87048
66701
11098
39675
51787
49341
57116
68008
79777
29456
77293
41670
67801
61668
52670
84603
24742
29054
21189
45215
32721
68930
52082
28127
85616
45856
83204
33805
79902
35283
58801
19414
13464
21026
21345
46367
79937
1956
40102
47513
38557
41453
63694
13596
48862
83304
43258
47984
17948
72131
66639
61658
53539
43087
38876
70486
88422
50109
79790
85188
62880
84977
21035
44263
70034
23491
49032
45053
32861
86547
27615
27535
52683
77832
71388
36331
45845
64442
48605
74838
66810
13121
46778
61993
60576
22383
47791
18532
76787
59483
71778
39935
63565
60137
61521
44222
69417
10590
41837
66959
34983
2289
42121
53037
64741
45488
44820
30870
16801
5885
2147
66997
46532
52973
44246
86232
43479
38848
83388
79804
40288
87225
14293
23903
86811
29719
10365
51670
17011
42383
31453
76569
1814
45609
83411
68624
37692
86386
87468
68506
21164
51284
47034
49470
68113
87532
65008
73581
80023
54673
27014
33661
52857
14766
73256
54774
6217
29752
78932
78135
35501
57700
25129
48181
34850
29426
47616
44577
86453
42973
27739
75671
49998
31202
38467
49674
72143
69423
23430
39960
37542
88110
31075
86819
55258
43219
86355
70597
40935
50196
40092
40346
14798
12962
18336
49693
85690
53020
39081
76120
50344
18934
75510
23825
32920
45290
31034
60124
69722
36269
27985
85303
19277
52577
83757
26384
76047
74270
52888
5270
71594
59546
20014
81300
39776
40910
70674
16250
23030
40540
48631
54798
26059
62943
35265
27461
66342
89386
74592
24007
60912
19581
80419
34487
37348
11384
45190
51499
47873
82056
63359
85800
67816
68315
59474
48833
38106
62989
54063
48761
45122
38624
81895
42005
39295
40946
22216
17136
56632
48781
71530
42695
41015
23472
41565
23318
82944
24062
41579
66403
78856
19994
48368
41022
85445
70684
43940
84833
21649
62449
47900
44022
41861
16236
73176
41267
27541
56752
64968
55089
11994
79718
35745
65619
44445
81707
23050
42830
45325
87971
37065
69892
62143
39143
20004
45189
20638
46011
78030
83625
63066
32059
37056
47399
31283
44781
69667
36792
35907
36566
85078
36396
64141
48573
87104
88632
27123
34622
43183
69201
26757
34838
38883
72138
45756
33413
52975
36507
21883
81974
87340
56121
41327
43775
41820
27460
37058
61892
59451
88116
50020
44740
62399
32497
1456
37300
30985
48120
34996
46940
23201
61795
45137
32903
37955
32205
41095
59847
16017
43848
47458
61960
56021
52784
83774
80909
77965
83216
49148
25622
55740
59030
34505
82629
81094
64976
40365
60269
30295
53360
83168
43590
15426
8278
80058
53892
32885
38884
35920
84686
59390
17476
43458
71629
31467
50475
2421
85871
24621
34954
37329
23517
24521
17079
2075
3434
26626
88579
79293
51401
23447
46645
34581
38032
44545
41305
56406
32852
36797
73964
67504
85940
10301
61204
23480
29299
41648
54693
51523
30209
83278
49629
3450
72466
24049
68638
38647
80026
47030
34747
87243
82828
78418
87799
40878
33480
25206
41496
41847
26070
56983
36037
46110
83180
31571
38821
86443
56318
61223
65854
20360
19753
10234
50334
69306
40705
20934
44998
80145
39926
45018
66287
28182
77662
30341
40018
47545
31423
86972
52732
42233
58983
26925
2252
38124
60922
55153
44535
67895
71590
18730
50413
49577
38907
54386
67789
66648
51272
51876
25915
55540
32729
72651
38750
73807
54539
58707
86488
59207
80730
74722
49600
83703
3628
29372
18550
34212
39892
36187
43185
44440
76590
29610
26379
45399
41330
69442
41816
39943
26549
26828
24190
75261
72024
51467
24040
82066
24964
72971
28533
15889
45061
81951
37006
24324
26689
25130
49327
80978
37294
18280
59782
72718
29104
67514
45913
34050
38704
5078
34671
28208
36120
38671
4265
28832
19953
6821
49041
76839
3702
62855
31456
60377
83426
43812
69571
44488
22275
25701
28944
40017
39337
25657
68903
35519
47388
44939
23226
48184
51749
70147
75327
22604
58821
8749
50802
58760
79638
49073
57591
61569
15802
7579
47402
58849
46014
44778
76298
23503
83755
84431
45222
51239
67494
28388
60105
39374
42797
31835
27078
28145
6174
52470
55316
33210
27838
84619
69682
62158
34371
28938
40665
88230
13234
46381
47281
49776
16023
43902
48719
78540
41049
57318
68433
59638
2467
50938
53619
76173
13805
68842
62410
16470
88603
50512
82681
48132
17709
83820
62618
31049
58741
77195
43067
67667
78841
3152
14906
14298
36004
63569
27339
44309
76515
43826
26318
22077
68615
74702
35213
56284
74425
62170
31204
66875
72443
76290
27546
27850
65109
83945
38990
47455
83602
36828
46289
52333
76566
1844
32216
44937
66884
65675
14519
14751
29036
29690
83408
36516
760
18671
28198
66466
31269
51971
45192
61512
87110
19954
84617
67168
66488
47875
24873
21231
74421
46358
82775
72759
36229
14003
48167
37856
63909
51455
45872
27443
87042
34732
29192
56308
81134
3500
76123
81012
38305
66096
344
87883
28974
39898
69816
62066
44536
58052
78550
33808
69029
59126
61764
25423
32083
40653
28065
17607
21811
63325
68515
69954
1103
39042
35130
9720
80133
15294
19830
32483
78835
32318
15261
44948
2068
60603
15152
42051
32837
71331
25730
75175
55639
56334
7967
422
32974
26018
62735
58191
76821
52734
30063
38449
42914
33936
41412
85402
54393
11177
64187
2094
46293
43154
57176
38356
80161
52999
26592
78061
35069
64421
51303
12078
37463
58726
56686
13995
27263
17770
53996
63317
25748
37543
51314
80836
22430
24356
24028
40417
25812
35688
44897
59110
73989
31422
43397
18381
87577
42942
45435
10093
82247
48112
67537
77428
41198
55328
60586
31816
47344
36671
81445
31941
44089
12393
85287
49058
82405
80850
65934
70962
35014
33076
19037
79117
41852
32184
45765
67353
43213
55505
38658
62677
41736
31694
57707
9937
36541
61306
85501
46916
59643
65859
86902
46171
79115
61452
33239
1179
23494
25246
44112
32971
35534
42438
971
41137
50560
36735
42899
60409
84110
85162
29291
30566
11732
73145
45259
31416
42750
26840
87344
37758
23468
79738
49725
78052
18128
77527
57778
83334
30212
17329
36729
68865
75184
69039
45170
62638
49877
43905
21629
47167
23686
50551
31112
37385
70914
30235
24763
60446
89372
18582
26595
63111
42590
42456
38439
23808
51612
74241
584
37904
30052
23512
63689
42712
25031
43478
24450
25603
17025
74058
39591
81645
38640
39050
31723
59353
47215
11013
29760
44638
86282
42744
31976
21692
13302
53712
50491
19442
58066
37223
40452
33991
30927
23525
71177
67781
42500
86567
55380
7662
16199
54538
28828
37945
60427
47158
40952
50521
42151
38118
35294
24348
76060
43101
30720
86278
3953
40460
26643
28340
47514
11157
41479
32149
47603
31717
45210
66022
74357
31008
77248
89103
82145
34957
25831
60857
68967
13261
53844
47991
78739
19427
39407
9653
80765
69476
68336
30151
41442
35786
42173
28803
81962
27964
85911
23962
63554
50629
78621
37519
50616
23220
29176
44316
68901
68222
21043
30289
27957
48557
46893
18255
79080
80715
36191
41623
58851
34494
48480
49273
29584
32969
44858
43442
24725
33563
26092
63721
66936
40280
34800
51859
13560
57185
11823
10860
59010
25237
39799
30376
17941
75831
77593
67648
66430
12929
9425
36369
74410
59949
66548
54557
81938
72373
48323
53598
45227
47801
34731
34203
11194
34209
6405
25306
30584
81291
12621
21267
45309
12918
46636
22825
76598
77254
24415
85949
55503
76270
25980
57988
89454
45831
72749
58489
72597
69654
41415
42752
25100
59699
73313
66478
66374
9419
58871
42874
51490
11940
28554
47258
20929
38466
88893
47277
88038
36969
49468
42071
84840
38835
22300
39558
74753
48271
33398
31085
54176
24888
59324
76422
29323
62503
49125
36322
60398
23640
68197
78609
87116
78643
59610
45424
80878
76285
86928
39728
47565
72194
65647
69963
37832
84787
88689
27157
69789
38875
47396
48187
55073
31019
83790
88483
68204
63583
81363
8076
15214
88109
33762
4620
51452
40266
61081
29591
38458
65371
35221
80485
27341
84581
58318
22149
74150
77858
3477
52823
63221
14274
39534
36406
71121
82258
44092
28959
83294
84123
43621
76171
34786
60303
59157
70209
52220
1014
86502
48518
48190
89313
45360
45239
59042
23095
50157
52284
76579
88039
82958
76678
23720
59192
13772
48930
23810
45289
23826
36545
29088
25511
59039
36488
81040
68531
59970
79629
87258
16506
70915
39189
26964
2740
33505
29234
70759
25744
59533
77007
24730
78834
23302
69479
61086
79843
64869
48224
40255
31007
44473
59247
49582
41038
54510
28658
70718
78369
8629
69158
50400
51524
36709
39495
15458
33943
46045
33476
21433
28003
49863
49030
33173
34900
65121
63119
44405
24600
80848
47297
54842
59776
15595
63251
2278
45232
49124
43498
33357
41423
37073
29057
75407
15987
19861
23952
54090
67217
38722
84087
66137
10050
43950
47854
45047
26546
48372
85736
86884
4380
55191
65064
43081
61350
34651
54298
40798
40613
45246
64958
46539
23135
34424
6999
71866
60165
85392
18747
69519
13242
73394
72057
39957
42463
81523
8711
35227
45776
66426
14823
71222
42287
41609
80686
87693
32294
83944
69072
65309
35192
27908
12314
24932
89466
26623
33756
27682
67912
10322
37254
24373
51041
36089
23717
22952
40430
26139
47106
28355
61105
49606
77320
87991
33769
25071
67905
26630
41643
45752
13235
66024
80881
49388
47230
39526
20610
27634
31026
59756
38796
45661
18171
2256
38191
16227
54497
66248
27822
28624
23167
12284
38727
58563
35785
25919
22730
43639
27784
40896
59174
23445
45782
57308
22884
34525
41257
62565
22202
10130
38650
33179
43100
83270
66827
56571
88119
29841
2235
82333
21334
80582
44090
30483
18795
49410
79054
20420
26636
49939
21733
42076
49864
40550
36363
56692
12023
28901
28550
20983
38834
3285
34195
86943
87332
13391
47468
53471
10522
38139
83266
54736
86588
84513
35409
26100
9156
34968
25823
24685
57775
42253
50307
23673
61713
37034
33833
55237
61155
16064
56256
72984
48873
83686
44045
36780
7670
42981
8497
18709
47948
66474
38761
59061
30491
43874
76030
42241
87879
28475
64203
41601
74943
17879
32859
43662
36680
47414
40168
4323
18163
59240
69102
76625
65708
39177
41411
61595
54200
3692
39855
55541
34196
57385
12121
25072
43236
61039
26909
8536
82783
64023
87707
75355
61664
24615
55834
65403
20437
73338
63051
29636
70675
30747
82949
51441
37260
47448
62893
32642
87155
70641
26666
5883
37972
37929
42266
18628
68939
85171
49050
47417
54059
24567
16331
36171
69285
69454
71190
50543
38011
66635
19365
59023
37154
36128
31447
81697
88477
24833
26195
56514
35277
12930
35242
31667
38209
35709
87833
26786
64916
63339
77445
78239
64089
86335
41384
31222
47374
25292
37655
25283
46618
4280
29496
21266
74341
69366
56909
41604
45271
89191
82443
73040
33221
30658
69384
45447
78264
1285
44692
49566
70281
2532
27943
32223
88857
79611
13942
87680
37268
55445
22844
78603
5472
46510
60919
57299
45052
64876
36254
26105
27890
15258
43237
47899
31111
66907
42704
87573
53811
43263
28602
69490
46035
49065
14083
62042
26230
38422
78315
24237
34950
16718
56620
81995
50641
59176
30407
75683
29282
61469
48363
87738
63765
62261
62205
45413
46115
79765
67842
41223
31749
27009
60047
43112
47807
8299
78751
80676
48817
84945
39682
45590
18899
84568
33001
18935
15379
64813
86480
10329
48426
3380
49184
62202
79102
70431
58844
64626
65435
73840
68792
81277
55731
89488
33232
44775
5334
5009
47827
32561
25697
49236
31486
72363
44424
53492
70582
42425
39162
86183
24830
79073
52521
39007
27409
58468
33301
14244
32779
86728
64440
53458
74246
56261
50930
77910
76756
30830
60693
27173
62695
63945
15184
55999
68002
75118
17408
69995
49373
45242
82586
13881
21800
34716
34124
35127
11933
31040
51547
21466
77826
19189
77323
45725
64749
53272
54632
69525
61300
54721
42185
88793
42556
29017
11020
82540
72158
43051
33694
66178
35175
27536
62751
84134
48010
41203
72420
42000
11893
28622
63082
32818
13360
37554
65147
47021
76132
49477
88936
10761
11395
83471
23269
78204
63454
9927
49544
53614
53225
40547
85473
37839
20846
65568
80158
40831
67538
63257
33485
23751
42790
60675
50408
40554
38319
61614
67840
53520
87857
36419
49318
82156
68693
32474
46380
43803
54720
74077
86983
32400
22443
64237
79553
62913
33929
46284
43886
45869
31811
60391
35092
75655
26033
47262
55003
34058
59985
9344
66152
40818
65601
32471
68862
48549
59984
77786
67762
23284
44031
37131
16516
58743
74194
68054
21535
73841
62996
65649
33474
53250
84670
79976
19339
6862
48650
40071
78496
24941
48051
16099
67055
34535
75677
28593
23420
20373
36731
22427
28708
19185
51657
81741
41757
46134
61720
76360
43342
28486
54862
39890
79099
26207
45875
28153
64826
36915
82427
41424
37898
50438
49558
45481
22848
24528
42163
50403
40542
74883
50227
82338
88702
79341
36614
30274
69034
74414
65715
62370
77768
24976
66139
32382
71650
87404
59216
16334
77468
87529
48115
48229
79214
38718
64640
72482
82337
6395
34530
61865
22068
57450
67519
30170
40414
59978
56926
48736
76637
24933
54101
42519
36069
16329
54657
24386
16622
68687
1707
88435
54411
56519
4755
44064
73418
39288
43004
32552
46931
45453
83106
31548
46738
53210
74951
9847
40201
60817
79196
49151
26978
87698
22080
58094
89329
30399
43231
71373
32324
72196
68362
64881
28212
31598
30885
18416
56133
67122
56790
85890
40577
53954
64003
77535
36450
69035
27510
33045
31140
23915
61955
77411
39640
4347
38363
30520
64135
7334
27779
49861
30517
74409
69798
45322
40434
68392
23804
54254
84156
71733
68953
35900
61679
48367
41872
33388
40418
27008
21396
73630
10344
39976
83440
75080
37793
52068
76110
49867
15295
9978
12340
38542
39323
5987
44327
26103
66559
84433
82567
22440
11095
63324
85250
24617
48872
67664
37106
41572
42683
43779
87266
17271
21027
62360
31754
12011
19196
41174
80684
82870
37374
36199
84534
33056
23533
9440
44990
75954
27731
24247
56182
42929
72911
19010
31064
3969
39713
50080
37761
39963
27849
39572
29994
64050
57750
42999
87872
21061
65524
87645
86644
7504
34430
22981
43402
40915
73278
78809
53918
60267
41265
89338
28288
15730
46193
48692
63435
26213
34666
34049
25070
18826
77743
37735
46830
38618
42006
80874
72474
21600
11613
83751
41779
34030
7451
42605
12752
40538
29018
7814
13182
84201
54161
42074
42898
56866
53703
21992
77355
45134
89407
26531
81864
42334
86485
75218
29613
8586
19660
33275
50490
49754
34470
84621
76048
39072
61986
18927
22642
46802
22829
51391
29069
74256
33330
87196
39112
25961
84978
62498
49018
81718
27963
85769
46912
20221
79338
74009
50763
81533
71552
21348
57386
34007
31635
81353
43807
43914
37579
84706
38296
66272
73537
60549
39102
87725
4970
23193
55841
37704
34647
20293
23913
12396
28076
36472
67478
30465
44655
55300
88847
56768
74955
68835
33467
66908
47115
25956
44567
65372
54866
10044
30030
78762
53352
44167
72437
35976
44385
56630
58224
31288
56739
82997
47380
33628
81278
2187
37269
58003
27017
4111
37503
37108
33113
63413
39709
71800
23139
72221
18104
49657
46728
52953
53069
34257
81917
67501
33831
33406
78045
41553
65789
11904
73159
44243
31751
74371
33640
70413
36000
36293
79451
35758
64101
240
5725
31823
43954
33884
69605
76436
33893
24908
71158
49357
23792
11429
30366
36440
53392
13981
34543
34243
45691
38902
30925
22738
54587
32418
32871
23611
48375
81436
51703
66656
45473
25477
48273
40321
22749
62043
41896
63357
18357
48628
72830
20515
77029
54307
80945
82555
36593
69625
66586
40046
51912
67346
4890
31626
50317
43384
56549
77470
24914
79833
46153
54857
21898
48289
88420
46296
17290
44250
75018
77283
44391
76390
10686
84074
48670
61640
55381
77929
69751
88233
40693
47727
51647
57939
44125
39645
74855
73334
88239
41296
40617
72230
39284
58282
62732
41858
56940
39769
86047
58842
85504
73279
50262
30195
55257
69649
68045
43559
11279
47634
81553
22790
62532
33624
59021
32553
65594
85820
86014
85515
17963
64094
3564
69822
74197
24694
11573
78272
69090
26560
33815
62396
82520
27287
50231
71159
27571
49845
72142
42356
84693
49561
26984
32131
68767
55940
74265
75832
24036
32134
52809
24735
83219
75620
84588
37855
87699
35424
79232
32884
12250
60973
78095
80954
57252
39201
83101
45111
41304
61195
2919
42967
22340
83872
80172
36101
61990
46248
32942
38158
35343
55821
20169
17663
68275
21173
46144
80683
45203
31334
11362
2006
19920
61719
14744
35005
61969
906
54367
83441
22044
734
5221
45975
69468
80618
80314
72819
59011
81897
27064
48622
46879
80790
89251
79407
28491
41732
42947
39393
48100
21625
14334
29122
84858
73521
38977
22136
82970
32202
63930
15554
47872
45185
54671
30954
84078
23580
45443
80539
31052
29384
2120
56327
41636
9379
68717
86080
86605
9801
67132
72691
76261
21365
77896
43876
17993
40922
32001
86816
44591
42872
33283
44292
57220
29270
21499
70224
75824
49264
74946
55341
47957
55369
62281
70579
36587
62481
77630
19451
4953
36583
48770
70614
22320
45155
18277
6277
47891
41829
41514
76548
49232
75296
26356
76791
57401
33153
38721
66038
37461
78024
52081
82208
32230
10654
73967
13860
11141
3237
36053
22461
77556
30930
37187
2709
58769
17652
16074
22937
50729
40973
34027
3939
63551
78304
35314
42144
45128
44555
79345
48690
64481
82020
29532
30660
47549
76333
54399
9746
42041
42565
19934
16504
82883
61862
40105
75756
63564
51047
61573
15519
813
23337
28729
49288
29475
65418
19241
75279
31116
12020
38994
64197
41893
86830
47163
75093
58558
66285
24720
42785
46866
47630
11379
40725
19403
81235
28392
69252
35163
61513
39824
38652
87893
26282
46614
47747
82266
87444
78718
84541
42698
35694
34561
60954
81829
31795
80136
3538
29806
41755
13164
49711
49496
34744
67337
31331
19345
13007
62966
32685
37210
54333
28275
17692
2846
79118
1173
51136
47251
85334
80390
64558
62778
72992
39035
72447
25028
76993
53050
38318
27791
88866
44219
427
39541
4789
45403
60279
5686
19386
55063
30940
65781
30791
88673
19950
55929
33088
30122
25086
12926
45129
40695
1289
62464
84962
30301
33118
42229
45615
70193
22872
59498
54586
32547
45958
38028
40898
47734
68881
26305
83217
37805
88944
35613
33816
58208
68573
77446
63584
73943
53947
46219
52956
85344
37605
59798
7233
29193
35836
28516
21228
52765
25981
49407
86380
75579
31277
71963
34018
59893
27485
81575
83227
40726
31150
30369
60257
46425
32448
29726
51258
3682
45873
33008
37756
24452
25924
52722
41941
59019
59779
69518
85241
88871
25463
48134
70644
86146
78232
75661
29061
51073
23074
41687
88520
88091
53481
28188
43021
30372
58189
50989
9596
41360
24741
622
85811
84700
8161
24767
62369
84504
33436
45928
46525
39387
87695
56397
17032
43117
38765
30500
32164
42477
12684
69994
61638
51006
28788
51632
41741
26368
18466
35527
27704
64475
44048
54362
63199
49635
35083
31883
76266
31093
55421
25509
69123
43492
39871
61699
43019
63167
43710
40696
68891
54528
27811
82097
53387
87602
49888
43620
25168
18093
50355
83853
36040
36668
37966
59056
41403
40359
34198
44367
50553
55658
9992
75265
31493
45207
22891
42896
1606
78598
85282
897
84599
79692
23231
31783
82938
63787
88743
19576
7126
50326
53633
77322
57447
43955
32444
77529
14212
56159
32523
45141
76679
22310
53602
23560
49380
86075
7937
39149
70512
31370
17166
28082
65634
32794
39509
59660
23004
39103
73440
76325
88995
80648
5845
18913
43309
29930
80170
77131
52411
30271
43542
63667
60125
20068
75165
71313
50016
63994
40196
34355
49268
80007
11005
11745
33767
32433
64800
26052
48202
47423
56177
16091
73336
76156
44868
76497
43760
29663
74028
33012
23037
88383
50068
42250
57080
22076
30492
82804
59033
48699
8837
64310
31845
49842
63804
82760
61557
33927
3284
5817
85609
67941
48104
27572
85930
81088
53462
40139
12349
35946
22185
77652
88595
86633
42901
31114
29432
38681
34375
37155
21379
75005
14816
35057
49812
81610
20580
51945
79781
12715
33342
14241
40197
30404
44698
35599
47612
81772
25091
18910
39679
47942
87969
85938
42662
83622
62801
25734
23082
59114
87286
52925
85975
68797
40736
35729
9168
31998
40721
37830
48935
82525
79075
38335
57942
33527
76012
49225
23539
68027
56102
30262
13585
6689
45135
45509
39244
79259
89160
84860
1893
31276
6329
61556
35396
32157
42573
43374
47723
55485
77268
57606
37067
85734
39353
68243
42701
32010
69840
50116
36391
40305
33923
44157
33244
77016
36649
61982
19542
32463
59770
76806
35820
31413
38559
34338
60749
48525
35440
37246
38159
6839
21849
9446
48099
46661
49381
44583
62398
44850
50347
44375
64517
56756
25160
41521
57620
30946
24212
83512
19089
42067
22040
2694
39207
73884
28927
48531
19819
14459
52754
71991
74743
63712
37399
48952
30398
50957
60535
42491
61354
73707
81618
51793
80160
35016
82096
14346
37780
45596
78597
20120
77061
49059
79227
20468
88240
42693
35047
32732
31957
37205
6191
27161
28134
76953
52565
21988
83315
63399
19457
31355
36423
66486
40184
46317
20364
37653
55935
42668
44728
53332
27532
17261
35249
34787
54355
45707
22161
61872
34001
67765
75816
69866
56265
16482
86788
53080
12726
36659
68185
44814
54126
85153
64168
11884
73781
66823
43084
3456
45569
33955
33803
34539
43758
23918
65653
68308
40068
59855
84392
19593
88287
73565
33453
2083
8224
82699
80937
37409
40766
15350
64361
60517
83571
35538
38136
68976
61619
40385
12919
50221
32892
43433
74151
77845
68283
64277
63321
70126
61829
40084
43437
30266
52944
44804
28781
60883
39692
54647
76960
59678
23266
70958
32656
23055
17553
51149
47186
53570
38074
79003
24772
57489
81894
35526
55152
54479
27056
36298
39165
40361
30375
40013
31469
24501
38517
85853
67684
45273
73597
49769
59097
24173
35448
17233
39485
30413
17388
70731
23017
52297
18700
3111
41164
49016
84674
33464
41594
43284
89350
84447
40150
24470
44560
30484
15791
62536
84974
28050
88641
5046
40800
32365
84125
70091
29549
34856
25422
43646
75850
65622
33450
48597
64684
86300
38007
38339
63612
62252
27404
37641
12297
87927
56722
64266
35473
26065
30898
15658
71465
48177
34072
57349
27735
45033
71962
83073
56041
38620
30406
22890
38258
22679
2751
89328
26710
24129
77263
65260
46804
12720
57497
59101
10386
80403
51540
46249
36340
47318
17342
22021
25222
88479
24773
58474
81334
73689
88158
7499
27959
29640
46220
28884
35581
56286
22221
78818
78817
65005
34947
36576
68354
44259
78240
48366
39146
32854
34318
67306
75134
40671
51747
63921
39563
21813
78493
22597
37198
85810
47128
52208
57612
2290
29452
63390
61816
39192
72591
43633
24596
38409
41879
53963
24287
37286
21523
79873
26807
39639
59222
79557
30530
74099
42231
27020
36675
41895
45064
31358
41525
40930
85244
49102
24644
45251
31420
47905
33718
23762
43400
66963
73400
49448
37473
29592
12029
80108
21802
40484
50166
35917
68380
80351
23421
41534
35591
75281
74358
42798
30613
32012
26238
19927
37580
74120
368
24126
28312
89236
84437
45097
67928
79148
5780
46170
56673
81279
86113
7262
60494
47732
55172
83380
59608
14075
44086
32587
83980
79505
21842
85542
58993
19644
57172
28306
43553
67041
47676
77316
74895
39950
71351
34036
26040
54247
47928
79874
4388
41935
85925
29100
38541
74255
46179
41181
21412
74991
75786
9860
7765
46047
9985
57979
48385
30327
74972
57441
84996
32358
84895
47046
41818
54410
29938
55959
45463
42088
34204
87183
26654
41535
49467
65038
24812
43083
20131
83792
31857
46417
67294
26563
54206
14606
64518
50927
49348
27631
79595
52281
71329
61265
19639
26337
76389
32118
17189
24945
46056
47177
34664
31556
14412
46048
39749
35068
84773
38608
39619
71814
44763
76319
33575
84899
59161
77426
47289
5207
33822
74169
31359
80983
72465
32782
31024
44175
64882
58209
78425
67800
62673
62832
63558
29771
34283
47011
32980
34815
86484
48918
40509
34093
82865
48174
83104
74709
66714
14427
28142
40913
28868
41924
65523
75984
60142
19821
45846
30775
85857
42221
56734
17638
59570
84905
12427
76875
71931
36619
55352
64274
47842
18870
34351
13777
61192
73567
2563
23211
56464
70951
55877
31151
2947
2612
83877
41177
47330
78099
59902
7943
81857
62933
35876
69630
23246
8297
51417
48672
35071
21477
26837
13328
50333
85573
31791
44966
87049
46867
11459
2427
57776
49305
30593
37932
74792
20366
69487
35026
29868
43856
49064
12341
57187
14439
35311
87748
52419
35196
32936
12874
34606
86667
38913
36031
18014
37705
66263
25444
69763
23695
54894
59755
38631
85280
40047
18556
55383
75939
21038
33193
24458
34442
18804
30998
67479
80743
35563
55666
77875
69279
54302
52125
11322
44389
58058
43319
4950
48790
73014
84495
40892
50284
42200
84029
56851
14864
82475
23822
59453
67023
19782
66886
28614
38460
47874
47057
82142
26613
78005
79613
63699
57640
46210
41041
62955
3424
34315
44101
66514
41347
18623
47036
69956
17859
50754
49624
84001
56032
65294
57765
42650
72506
51948
34563
27297
44177
66543
23019
46591
38441
37221
86286
49031
37713
62777
13496
45821
18091
21254
76265
49137
48621
29437
72214
67335
3671
21447
69561
30363
71148
45809
9672
23359
18330
59761
79252
83283
87639
28462
67582
32633
30916
73986
76630
79821
67813
10242
84956
46256
23909
61560
49729
49386
65908
34012
39344
86882
28195
75962
10172
65444
72017
89091
4153
28863
33368
64196
22194
17788
67017
11366
58034
58818
67190
65491
58483
39852
12844
53928
16304
503
67001
9079
46046
79423
67553
33205
35780
55824
53560
25602
80201
73138
49889
46722
86137
86516
8574
80106
30780
83937
28813
45621
76084
67104
47521
34618
45686
83899
9150
85744
38847
76094
32628
5749
76989
49480
80236
63865
61949
82587
86946
78502
35219
58493
86911
38954
52871
45139
32704
80414
3524
9721
7175
49698
34570
88198
66846
55319
40140
41800
34795
62811
78807
40897
72001
35107
18158
28633
81198
63268
37066
49439
39795
9519
72350
85691
64680
9158
53475
50081
63352
28006
67770
31597
57289
66778
79941
73070
29769
69293
59122
9862
48504
82559
83446
8743
9732
87099
25534
49166
75150
70378
88848
54958
59150
81808
17313
36956
10359
44959
43351
64901
40314
82912
65035
29666
64126
35807
23594
53373
78480
28777
8318
88414
56338
28623
66452
35686
40541
54529
41061
82695
40597
78106
43961
45773
33371
29564
73431
18181
20691
69424
42694
5908
47078
83697
32607
88762
45837
57524
46544
59279
26438
46737
51653
53255
40786
16761
70232
40958
47433
30489
69806
17423
22436
31325
45636
50820
44514
21179
79729
49323
45818
61061
38755
66537
47673
20090
50818
35377
88388
79322
7180
42024
33213
62490
19071
31965
38872
20607
37043
15439
24927
52360
49302
69356
38667
80409
65549
45408
30856
30935
21836
35425
10207
62881
83345
49191
28761
10363
45706
1627
43147
43300
44624
16598
58921
56405
48223
70870
2922
47473
55558
33704
60158
69089
42227
39095
30255
23014
41717
28629
6621
21595
58275
51362
38972
58206
27662
37109
75760
18946
67769
52146
71713
67716
36286
2443
80509
48956
54366
64131
35914
89190
33489
2299
37905
57509
46206
19161
19385
59410
54033
26155
1197
70009
56344
41134
26552
86441
28339
39566
42264
80045
44595
54849
19287
37347
44884
80142
14593
86229
22757
12533
32376
13450
44601
45331
49872
88359
62884
38496
49802
46329
32404
25507
75972
65305
13374
71855
31167
57171
66447
23626
38137
61842
73237
3182
33511
6952
40605
66232
80071
1270
42659
39909
39382
85998
60835
31438
39430
27074
39627
67530
38423
78934
73787
73867
29033
30833
21825
83568
37368
52122
79568
41982
25399
61612
72813
29519
36961
78411
48118
51386
61789
19154
85518
29509
84025
40661
60038
51085
35202
32399
86121
17034
63913
